[gd_scene load_steps=29 format=3 uid="uid://cymvuda67tw53"]

[ext_resource type="PackedScene" uid="uid://rchm7mh4matq" path="res://objects/pongie.glb" id="1_5j0q0"]
[ext_resource type="Environment" uid="uid://fesecmihrmyo" path="res://scenes/world.tres" id="1_cwn63"]
[ext_resource type="Material" uid="uid://b8afe4mph3bm5" path="res://terrain.tres" id="3_cyjd3"]
[ext_resource type="ArrayMesh" uid="uid://b5xys53malqs0" path="res://terrainpong.obj" id="4_thhuy"]
[ext_resource type="Script" path="res://scenes/knop_game.gd" id="5_prp6f"]
[ext_resource type="Texture2D" uid="uid://bcl7c8vpeaecn" path="res://img/settings_cogwheel_options_icon_149387.png" id="6_npoak"]
[ext_resource type="Script" path="res://scenes/CharacterBody3D.gd" id="7_2lvsd"]
[ext_resource type="PackedScene" uid="uid://bs14x1jxgaqmg" path="res://objects/benchpong.glb" id="7_5t68f"]
[ext_resource type="PackedScene" uid="uid://calspsaayqfrp" path="res://objects/publiekpong.glb" id="8_falb3"]
[ext_resource type="PackedScene" uid="uid://u8scs58qtwhw" path="res://scenes/publiekpong.gltf" id="9_ra0ty"]
[ext_resource type="AudioStream" uid="uid://d21odg2r8rdmk" path="res://sounds/poro - 29-11-2023 11.24.mp3" id="10_qpeqp"]

[sub_resource type="CylinderShape3D" id="CylinderShape3D_huocg"]
margin = 0.0
height = 0.515
radius = 1.5

[sub_resource type="StandardMaterial3D" id="StandardMaterial3D_4spse"]
albedo_color = Color(0.313726, 0.235294, 0.0470588, 1)

[sub_resource type="CylinderMesh" id="CylinderMesh_qd2jw"]
material = SubResource("StandardMaterial3D_4spse")
top_radius = 0.25
bottom_radius = 0.25
height = 4.0

[sub_resource type="StandardMaterial3D" id="StandardMaterial3D_2lw2y"]
albedo_color = Color(0.682353, 0, 0.0666667, 1)

[sub_resource type="CylinderMesh" id="CylinderMesh_3k5xk"]
material = SubResource("StandardMaterial3D_2lw2y")
top_radius = 1.5
bottom_radius = 1.5
height = 0.5

[sub_resource type="CylinderShape3D" id="CylinderShape3D_abtvj"]

[sub_resource type="BoxShape3D" id="BoxShape3D_syhy3"]
size = Vector3(19.2519, 3.28165, 20.662)

[sub_resource type="PhysicsMaterial" id="PhysicsMaterial_fsgc2"]
friction = 10.0
rough = true
bounce = 7.8

[sub_resource type="SphereShape3D" id="SphereShape3D_pcrel"]

[sub_resource type="StandardMaterial3D" id="StandardMaterial3D_mfpls"]
albedo_color = Color(0.94902, 0, 0.239216, 1)
emission = Color(0.929412, 0.654902, 0, 1)
emission_energy_multiplier = 72.86

[sub_resource type="SphereMesh" id="SphereMesh_0m3n3"]

[sub_resource type="BoxShape3D" id="BoxShape3D_xmlb6"]
size = Vector3(300, 1, 300)

[sub_resource type="LabelSettings" id="LabelSettings_yhjyh"]
font_size = 64

[sub_resource type="LabelSettings" id="LabelSettings_vvl5v"]
font_size = 64

[sub_resource type="LabelSettings" id="LabelSettings_4wpx0"]
font_size = 64

[sub_resource type="BoxMesh" id="BoxMesh_g0bxv"]
size = Vector3(20, 20, 0.1)

[sub_resource type="BoxShape3D" id="BoxShape3D_o2nin"]
margin = 0.0
size = Vector3(20, 20, 1)

[node name="Node3D" type="Node3D"]

[node name="WorldEnvironment" type="WorldEnvironment" parent="."]
environment = ExtResource("1_cwn63")

[node name="Camera3D" type="Camera3D" parent="."]
transform = Transform3D(1, 0, 0, 0, 0.91496, 0.403545, 0, -0.403545, 0.91496, 0, 21.124, 26.783)

[node name="batje" type="CharacterBody3D" parent="."]
transform = Transform3D(1, 0, 0, 0, 1, 0, 0, 0, 1, 0, 17, 20)
script = ExtResource("7_2lvsd")

[node name="CollisionShape3D" type="CollisionShape3D" parent="batje"]
transform = Transform3D(1, 0, 0, 0, -4.37114e-08, 1, 0, -1, -4.37114e-08, 0, 0, 0)
shape = SubResource("CylinderShape3D_huocg")

[node name="handvat" type="MeshInstance3D" parent="batje"]
transform = Transform3D(1, 0, 0, 0, -1, -8.74228e-08, 0, 8.74228e-08, -1, 0, -1.118, 0)
mesh = SubResource("CylinderMesh_qd2jw")
skeleton = NodePath("../CollisionShape3D")

[node name="batje" type="MeshInstance3D" parent="batje"]
transform = Transform3D(1, 0, 0, 0, -4.37114e-08, 1, 0, -1, -4.37114e-08, 0, 0, 0)
mesh = SubResource("CylinderMesh_3k5xk")
skeleton = NodePath("../CollisionShape3D")

[node name="CollisionShape3D2" type="CollisionShape3D" parent="batje"]
transform = Transform3D(1, 0, 0, 0, -1, -8.74228e-08, 0, 8.74228e-08, -1, 0, -1.118, 0)
shape = SubResource("CylinderShape3D_abtvj")

[node name="pongtafel" parent="." instance=ExtResource("1_5j0q0")]

[node name="StaticBody3D" type="StaticBody3D" parent="pongtafel"]
transform = Transform3D(1, 0, 0, 0, 1, 0, 0, 0, 1, 0, 10.5349, 10.5729)

[node name="collisionshape_veld1" type="CollisionShape3D" parent="pongtafel/StaticBody3D"]
transform = Transform3D(1, 0, 0, 0, 1, 0, 0, 0, 1, 0.113962, -1.20721, -0.457392)
shape = SubResource("BoxShape3D_syhy3")

[node name="StaticBody3D2" type="StaticBody3D" parent="pongtafel"]
transform = Transform3D(1, 0, 0, 0, 1, 0, 0, 0, 1, 0, 21.0698, 0)

[node name="CollisionShape_veld2" type="CollisionShape3D" parent="pongtafel/StaticBody3D2"]
transform = Transform3D(1, 0, 0, 0, 1, 0, 0, 0, 1, -0.139649, -11.4554, -10.4457)
shape = SubResource("BoxShape3D_syhy3")

[node name="DirectionalLight3D" type="DirectionalLight3D" parent="."]
transform = Transform3D(1, 0, 0, 0, -4.37114e-08, 1, 0, -1, -4.37114e-08, 0, 20, 0)
light_energy = 0.5
shadow_enabled = true

[node name="ball" type="RigidBody3D" parent="."]
transform = Transform3D(1, 0, 0, 0, 1, 0, 0, 0, 1, 0, 17.2867, 15.7024)
collision_priority = 10.0
mass = 100.0
physics_material_override = SubResource("PhysicsMaterial_fsgc2")
gravity_scale = 5.0
can_sleep = false
lock_rotation = true

[node name="CollisionShape3D" type="CollisionShape3D" parent="ball"]
shape = SubResource("SphereShape3D_pcrel")

[node name="MeshInstance3D" type="MeshInstance3D" parent="ball"]
material_override = SubResource("StandardMaterial3D_mfpls")
mesh = SubResource("SphereMesh_0m3n3")

[node name="StaticBody3D2" type="StaticBody3D" parent="."]

[node name="MeshInstance3D" type="MeshInstance3D" parent="StaticBody3D2"]
transform = Transform3D(3, 0, 0, 0, 3, 0, 0, 0, 3, 0, 0, 0)
material_override = ExtResource("3_cyjd3")
mesh = ExtResource("4_thhuy")

[node name="CollisionShape3D" type="CollisionShape3D" parent="StaticBody3D2"]
transform = Transform3D(1, 0, 0, 0, 1, 0, 0, 0, 1, 0, -0.374901, 0)
shape = SubResource("BoxShape3D_xmlb6")

[node name="UI" type="CanvasLayer" parent="."]

[node name="UIControl" type="Control" parent="UI"]
layout_mode = 3
anchors_preset = 15
anchor_right = 1.0
anchor_bottom = 1.0
grow_horizontal = 2
grow_vertical = 2

[node name="TextureButton" type="TextureButton" parent="UI/UIControl"]
layout_mode = 0
offset_left = 1789.0
offset_top = 4.0
offset_right = 2301.0
offset_bottom = 516.0
scale = Vector2(0.25, 0.25)
texture_normal = ExtResource("6_npoak")
script = ExtResource("5_prp6f")

[node name="64" type="Label" parent="UI/UIControl"]
layout_mode = 1
anchors_preset = 5
anchor_left = 0.5
anchor_right = 0.5
offset_left = -20.0
offset_right = 20.0
offset_bottom = 23.0
grow_horizontal = 2
text = "- SCORE -"
label_settings = SubResource("LabelSettings_yhjyh")

[node name="Label" type="Label" parent="UI/UIControl/64"]
layout_mode = 1
anchors_preset = 5
anchor_left = 0.5
anchor_right = 0.5
offset_left = 153.0
offset_top = -3.0
offset_right = 193.0
offset_bottom = 88.0
grow_horizontal = 2
text = "0
"
label_settings = SubResource("LabelSettings_vvl5v")
horizontal_alignment = 2

[node name="Label2" type="Label" parent="UI/UIControl/64"]
layout_mode = 1
anchors_preset = 5
anchor_left = 0.5
anchor_right = 0.5
offset_left = -192.0
offset_top = 1.0
offset_right = -152.0
offset_bottom = 92.0
grow_horizontal = 2
text = "0"
label_settings = SubResource("LabelSettings_4wpx0")

[node name="testwall" type="StaticBody3D" parent="."]
transform = Transform3D(1, 0, 0, 0, 0.999888, 0.0149395, 0, -0.0149395, 0.999888, 0, 19.95, -18.3885)

[node name="testwall_mesh" type="MeshInstance3D" parent="testwall"]
transform = Transform3D(1, 0, 0, 0, 1, 9.31323e-10, 0, -9.31323e-10, 1, 0, 0, 0)
mesh = SubResource("BoxMesh_g0bxv")

[node name="CollisionShape3D" type="CollisionShape3D" parent="testwall"]
shape = SubResource("BoxShape3D_o2nin")

[node name="benchpong3" parent="." instance=ExtResource("7_5t68f")]
transform = Transform3D(0.590902, 0.217612, 0.77684, -0.0619208, 0.972327, -0.225272, -0.804363, 0.0850115, 0.588025, -24.1683, 2.48229, -19.6989)

[node name="benchpong4" parent="." instance=ExtResource("7_5t68f")]
transform = Transform3D(-0.232569, 0.184123, 0.954993, -0.0440044, 0.978919, -0.199452, -0.971583, -0.0884108, -0.219564, -25.8942, 7.84073, 16.7058)

[node name="benchpong2" parent="." instance=ExtResource("7_5t68f")]
transform = Transform3D(-0.577484, -0.234248, -0.782074, -0.0187075, 0.961498, -0.274176, 0.816188, -0.143701, -0.559632, 25.0293, 5.15831, 20.2619)

[node name="benchpong" parent="." instance=ExtResource("7_5t68f")]
transform = Transform3D(0.396941, -0.161822, -0.903466, 0.0288573, 0.986049, -0.163935, 0.91739, 0.0390012, 0.396073, 23.9633, 4.29806, -12.6066)

[node name="publiekpong" parent="." instance=ExtResource("8_falb3")]
transform = Transform3D(0.648372, 0, -0.761323, 0, 1, 0, 0.761323, 0, 0.648372, -23.3513, 0.125095, -26.8196)

[node name="publiekpong2" parent="." instance=ExtResource("8_falb3")]
transform = Transform3D(0.68456, 0, -0.728957, 0, 1, 0, 0.728957, 0, 0.68456, -32.4469, 2.68191, -22.967)

[node name="publiekpong3" parent="." instance=ExtResource("8_falb3")]
transform = Transform3D(0.69179, 0, -0.722098, 0, 1, 0, 0.722098, 0, 0.69179, -32.8761, 2.05851, -15.8774)

[node name="publiekpong5" parent="." instance=ExtResource("8_falb3")]
transform = Transform3D(-0.850021, 0, -0.526748, 0, 1, 0, 0.526748, 0, -0.850021, 25.7272, 0.125099, -16.5435)

[node name="publiekpong6" parent="." instance=ExtResource("8_falb3")]
transform = Transform3D(-0.70363, -0.0159473, -0.710387, 1.96203e-09, 0.999748, -0.022443, 0.710566, -0.0157916, -0.703453, 25.8228, 4.84079, -22.9847)

[node name="publiekpong4" parent="." instance=ExtResource("9_ra0ty")]
transform = Transform3D(-0.917213, 0, -0.398397, 0, 1, 0, 0.398397, 0, -0.917213, 32.1279, 3.8547, -15.3023)

[node name="AudioStreamPlayer" type="AudioStreamPlayer" parent="."]
stream = ExtResource("10_qpeqp")
autoplay = true
bus = &"Muziek"
